117096335837
5536230388
246603296004
367380456514
174914937261
4973170092
248696375734
111083790608
40140970629
376530882965
329859247749
155552295486
387481918311
227877972331
23101512901
203650175276
31881561609
165153900158
368018529787
118670019711
181403215381
219966109885
115755799739
376530882965
89876596141
165153900158
275263055674
94665769875
59644785075
205790940177
11563639730
376530882965
216694946404
150602819936
145815413959
324556106627
385447921141
289579354038
374458789078
59656805428
239531443746
177638667144
34303647193
95057812027
95181029352
387481918311
227877972331
23101512901
4165072928
228462310291
165153900158
36308825089
389500998883
276653139906
353739077135
339791101556
192364893110
281464243475
272114401021
219966109885
59656805428
351763380080
146292816712
121807637953
23101512901
4165072928
228462310291
282775552088
386879644729
367380456514
228462310291
166384895071
146096789777
15921832857
121807637953
297354657935
368018529787
227877972331
128844507733
387332578303
268682019531
371500978231
115755799739
303383391357
367380456514
403263386496
248696375734
161056605476
400514230114
212368218154
108862931754
257760129903
161056605476
187800039845
321882336719
150838882899
13135979422
157660654482
181403215381
389500998883
219966109885
389500998883
80528583024
336958619536
238447303371
95181029352
146096789777
150323389261
261130283408
4165072928
228462310291
282775552088
386879644729
367380456514
228462310291
190242891132
164396997259
79224735622
297354657935
221687007744
374128090204
158377991588
190242891132
398988864904
178940240846
242318596096
166257658545
79224735622
297354657935
87427981823
204071542055
202701538888
